   2.74396218220390        8.34960508261433             
   14.3809043422524        7.22167669815094             
   15.8183650739263        5.23234653934660             
   7.70942580754358        4.06896637820626             
   14.0876895699729        9.05375823058765             
   7.19289640331356        10.8434917070002             
   16.5607027186449        9.50496884894825             
   19.1100065693001        4.74951324477613             
   7.22687627842763        13.0938464127468             
   11.4702877980041        18.0180690647865             
   2.12212980789153        6.25530647899473             
   17.5452701096078        4.09396391735318             
   14.9044480888785        4.84440538084724             
   7.50006852530170        18.0331351770752             
   19.4732328249551        19.6351452504507             
   12.4450553781068        14.6200808748101             
   1.31736010541283       0.888871003706322             
   10.9927756386879        18.3671151153295             
   11.4549344850548        17.2880842197550             
   1.08952314314187        15.5064723447840             
   5.27517409191820        7.07661315318891             
   3.01274855074506        12.7272403339776             
   6.82301137498490        15.3161196874005             
   5.86148145074178        7.32369620592385             
   1.90877380728012        8.27395975156747             
   12.8685810842712        2.69646642846015             
   7.24215178504332        7.90860496609238             
   10.9991194653773        7.39793781444040             
   12.6031555930881        11.6170879924940             
   17.0791918182643        10.9113328748366             
   13.5808973238687        15.1153860686287             
   18.2245598800038        1.71772531026640             
   19.6226895886128        19.0592679833182             
   11.7092881207728        9.69938859768606             
   4.70545170637799        9.43560732921323             
   8.78009599964385        8.06486193106906             
   18.0708528700402        16.7071216399486             
   3.19099084529544        1.91018210867258             
   13.5052848893742        8.85527336305674             
   12.1237437247032       0.299517001884102             
   7.98557915908151        2.03181346371724             
   16.0464705414764        9.90184289092159             
   12.8935253768136        5.24515157664889             
   11.2053781168380        12.6303916540554             
   8.95926776278607        3.51158549330658             
   5.73597204417776        2.13390460781536             
   8.45154483618766        18.1115428919613             
   6.49429457536448        14.1043968057264             
   6.10762971484753        1.67077398490147             
   14.1755310385420        11.8838067298607             
   14.0172901270096        19.5187422048285             
   11.4805356056079        16.6557392443013             
   9.77507046119937        14.6205934119038             
   16.1714871029298        17.9325125751573             
  0.772477115168865        4.36300744760097             
   18.6066279585429        10.1826415273154             
   8.97853669277242        18.2073460402520             
   5.57224360609922        4.17859814351851             
   2.72364170484599        1.57140508506935             
   9.37745051781515        17.5434537363749             
   7.87336816976952        8.86102718453930             
   15.7952499276782        2.53498199508940             
   11.8510512445725        2.39950885138946             
  0.281502537476222        13.8584408094586             
   11.9835865247445        8.17235143026493             
   11.1698734382517        19.0881115476342             
   4.01140015976682        15.1472059385706             
   14.9799531832913        10.3288893866669             
   2.67311615570368        17.6928403141385             
   9.19025281412400        10.7600029439475             
   2.37324233397104        18.5655135612002             
   18.6131561175814        16.3972817739954             
   18.0649722825729        6.10153550205660             
   6.22208266410349        6.08397700912002             
   6.50334988443984        14.7493284236696             
   8.10648542913175        1.37253308497998             
   8.30922096276528        16.9874034250033             
   14.7705212830391        9.83355828851776             
   18.0263363343901        9.35715748452887             
   10.3312878522845        12.6635763496669             
   8.50043153657017        17.5564492753127             
   17.6114395202029        17.7486670596012             
   3.59879949988283        7.29097208091565             
   18.3374039597436        17.6996958484869             
   7.05512775909176        19.6871392795540             
   8.89080707623804        17.0533132379752             
   19.5712904275793        16.5069793557015             
   19.5467313654449        7.88298170643762             
   18.1487124205224        7.27806132020771             
   3.30798394362165        14.2011504710606             
   3.16149521455187        17.9625270371831             
   3.11367930153565        6.91482573157148             
   10.3145994656734        19.1736487749721             
   19.7053378350007        12.4202125452090             
   1.69782878853280        13.7313303929860             
   19.6982764172664        18.3540934724351             
   14.9459564709805        3.36602574782618             
   17.4188397947821        1.60246639602506             
   15.5932218682878        12.2789490113927             
   3.61635768706041        15.6773059144482             
   5.87694217733573        3.37224039322965             
   9.02354618365831        14.0744828493349             
   13.9580008696303        15.8595518506339             
   15.7718151320851        16.4623538132298             
   6.69265532040004        1.39387231806752             
   3.72127191116020        11.8094623838268             
   15.4647987230654        4.54773833355916             
   6.65143170400991        11.5979674406387             
   8.59958503666588        6.07967179614847             
   6.89520356867463       0.476467765750017             
   6.36295789753577        18.9088150503830             
   12.0453048032745        17.8681075295533             
   10.0030295232065        9.84363600195085             
   2.38050838295885        9.26710710726079             
   17.4034062483077        3.56365249693568             
   1.62710122754082        5.52594061645925             
  0.355743003536314        13.2308473340129             
   3.83314363669979        17.5308176270431             
   18.1096320072457        6.71337878654323             
   13.1870657214495        11.4330750149050             
   6.44711386347478        2.94967437986479             
   9.72763785933195        10.3937251034897             
   2.45387052649736        5.75422032901793             
   13.1523635810453        12.0902269270416             
   15.2790498489648        10.9246009915556             
   16.2302617804643        10.5384483932921             
   12.4355133179074        9.90402982828657             
   4.84586700301438        14.9102614517238             
   16.9918221576161        5.76317989992630             
   6.43011661169702        12.6939078656252             
   8.57073241498162        13.2308292442232             
   17.2902555990833        18.4407424674937             
   3.28173432538412        6.14636840507278             
   18.5404546704511        8.60062884625940             
   5.65361932491860        16.3549653530353             
   12.4372467065648        16.9291135233901             
   17.5772937784326        5.44477531992971             
   14.5052569741090        10.6664586598453             
   12.5771523716393        7.40813476830683             
   5.99184299064002        15.2234707646114             
   12.8889861525922        8.45135061370137             
   16.7374892834504        11.4568125424978             
   17.0118476445016        2.63560642261135             
   8.29959302646257        12.6037941304091             
   4.63401496836314        12.9334413039625             
  0.398860756534609        11.3576424232398             
   4.69201208076744        1.79871164855364             
   8.68531444270705        16.4596804746679             
   11.5406060837668        19.5886925474163             
   12.3042395815950        8.85486202268737             
   7.93923623010253        2.60859871385348             
   13.2759577690068        15.5742580120306             
   5.86955554500583        1.10673361224456             
   1.45386626675113        17.7477319592086             
   16.0128014436149        4.57169866177827             
   6.08685468595884        4.40105189646843             
   15.8740511993885        9.06426927576316             
   14.5656172780543        13.5408269636559             
   10.9377420216467        10.2237693903610             
  0.443932914888249        3.56000688864427             
   12.6991142553392        12.5703163486951             
   14.4520660659289        8.03731549527206             
   10.6935202827025        3.46771083754866             
   15.0528762615696        5.69592943196348             
   6.15815750287347        15.8374460046107             
   11.3464071455252        3.35570211976499             
   8.62426163439386        12.1639826292808             
   12.1590331053662        4.33708769403144             
   9.06604316316588        5.40649250431458             
   8.19600004949446        3.17185493054108             
   12.5639413611782        19.6489559819097             
   4.29815644517020        4.84925363105355             
   15.4857229145695        3.54870117951117             
   15.1046559174931        2.83789901906757             
   9.11860470491776        13.3316120581752             
   16.4684089151318        1.52718169564857             
   16.4678215519698        11.9848130606933             
   1.95188708466591        14.3391515036749             
   1.45519251882094        4.12773381234259             
  0.539386187376221        16.2890450683527             
   16.4030079427058        4.20206607621208             
   17.5570348034424        4.64985515946669             
   4.58213202426122        16.0975505301972             
  0.682935468407965        7.82863568903795             
   2.62098485738986        3.69070114313322             
   16.9916289868515        6.82817799646090             
   13.8559354228610       0.983186467129667             
   16.0079764611270        6.24825364621293             
  0.852916452427693        14.5996207385416             
   4.98116876266071        13.4851072348602             
   5.77252959396850        2.85255565931562             
   6.46283836358781        4.80040717336073             
   12.6703802997662        1.35266019765763             
   7.50869212013504        13.6148825658244             
   1.33513650702446        8.18701017253829             
   7.75901251011446        10.4873962697387             
   8.23556551909501        13.7213311226924             
   4.50501837178963        10.0525711333544             
   14.3741612956728        5.11387183534445             
   16.7016278590107        18.4148604826539             
   4.55031437882213        8.75099321618932             
   9.10154042979483        8.56621563465845             
   17.3386956265858        15.1549359198957             
   2.12940009547686        19.7129852257339             
   3.69964445641527        14.5737029589781             
   5.77401851658461        10.6034259609756             
   13.3117290747177        6.72889138934479             
   10.5197952513012        14.7608955158183             
   3.92527960800263        19.5614162222013             
   13.5764210058118        18.7041283907913             
   13.7555609312627        7.34753306057552             
  0.280069322653103        12.2941555128118             
   9.41129790573188        16.5652788591767             
   8.11774036741206        8.06137477399667             
   8.05000922868298        6.00455244714136             
   14.3807261874048       0.288952778843007             
   5.52138708863372        11.0880263392619             
   7.78254764720105        6.79619033491224             
   12.0975130449577        13.8638148001190             
   5.72369042756199       0.473198246917872             
  0.439358926515973        9.67594570833666             
   1.89681848375054        3.35892692377464             
   6.09948552656229        11.6787707199429             
   11.2821509207438        14.9289006305779             
   4.36815634231332        17.1713147340075             
   10.4460383211518        2.82737481425954             
   13.7557090907081        4.49304725985722             
   17.8854606305160        18.2777725673959             
   11.7220555951003        13.1150609693417             
   2.51348967597836        10.6449269102224             
   3.30893665115220        1.36047953682528             
   19.6418500931790        10.4912218934141             
  0.329627577971566        1.95283446425101             
   6.90317846804665        18.8751434274586             
   3.57504292275827        9.54796491314991             
   1.33082325738749        6.88577551726487             
   1.55487044649199        19.5841301522545             
   5.14823797905591        16.0092956329118             
   13.1528347312347        19.4828828631549             
   19.5989149933504        13.2694700680502             
   13.3203469139852        14.0756126674990             
   8.68109286155097        10.5212615923176             
   16.9610110083971        2.10029419901613             
   12.8142334389016        5.85326361405361             
   6.44221482731830       0.783853907668926             
   3.12079141366699        9.06462132060506             
   4.18219777920036        9.20708636356921             
   18.6793803970414        6.37954254345514             
   9.73604500080774        12.9509821888755             
   16.1594142749853        12.5191394686898             
   5.59562527032761        9.51494883543210             
   18.9043593364505        2.78149812318803             
   9.69301574094774        1.44419969687956             
   7.59722722454057        8.38111704121614             
   16.6654115952237        17.2530579201794             
   6.95137755334277        3.64913577301772             
   14.8807410718991        19.6391108212532             
   19.2597113124879        12.7173543542477             
   7.86229296242322        17.5614188047456             
   4.17902738064728       0.513064275198150             
   2.75906277304690        5.25479052468667             
   17.7817654768695        2.99174292283283             
   11.8674484744226        7.55342545286766             
   19.6701427027097        4.66714081744631             
   8.52718831539714        14.3796000977713             
   3.72304837680847        4.74673067209578             
   15.8109152467602       0.674098696831597             
   16.8557201289467        10.3383079197221             
   15.4216977005745        19.4565746633030             
   5.98352406436690        5.06309474140694             
   15.5863387919617        10.4130322052861             
   6.69579304976476        13.3645730106036             
   17.6008052208013        17.0380666766807             
   3.99035041084038        6.92210807082465             
   19.4350774741108        4.13997038428719             
   1.33787433946354        9.71694519409412             
   12.3695803954727        2.97377862937305             
   9.88808250409401        7.54276531361881             
   6.42352130338909        5.55405553756453             
   13.9627405809370        8.38237247326239             
   3.07131212322555       0.353183225443291             
   6.34842044354760        19.4579379412150             
   9.03750432058064        9.09407266467672             
   10.4605856395487       0.312430780807549             
   3.01197319744417        7.60273971388513             
   14.8511304230353        11.9634302398952             
   4.96858414784913        8.36332561690768             
   7.41609521088953        5.05092700452631             
   3.23977767844200        4.02636771763734             
   7.55439449969815        19.0719747634282             
   3.96806928299501        12.2996096823298             
   4.53540606927956        1.18157630991919             
   4.31866142175290        18.2016845783292             
   10.8798141268030        1.55146855198898             
   19.6631943235745        17.0796184903434             
   1.97721926312410        17.2461019522592             
   17.8017627222089        8.10109098703607             
   17.6801935939897        16.0143178441892             
   5.90575326072025        6.51290158803147             
   11.1196839297781        9.28922734087881             
   18.2499654089120        12.6208198950707             
   18.2589770878901       0.810958073288795             
   2.20037010387566        15.8962589620582             
   18.5081073157641        5.80119396257834             
   18.6556790706047        13.7523650748706             
   9.68112822128368       0.709250878782530             
   10.2183921033661        1.14118414743083             
   16.2942029904559        8.61435668513561             
   15.1735632127665        7.49559539568994             
   8.43344640474445        7.61866392401372             
   8.33348680610580        11.6694050282512             
   4.74898119830689        10.6266501151186             
   15.5348196253170        11.4327538048272             
   3.10988209010237        11.7843760972408             
   17.4616408496537        19.1099930336263             
   7.10999105798892        7.22538713695089             
  0.682541103821792        6.17049809815138             
   10.7842533606889       0.888105054557600             
   11.7604372598416        6.40853252560264             
   15.8638079479618        7.37887036310583             
   5.37287722643174        19.6663141066686             
   1.58929598183493        12.4775242293013             
   14.5259855445535        2.65089986278317             
   11.7997826372016        3.00489897763702             
   2.48919030372988        9.85984444452981             
   15.2144924953759        17.5059154592365             
   16.2620390328959        11.1590625477363             
   13.1445433927450       0.430222820561428             
   8.22929777786254        18.9295483485768             
   18.5670837976205        14.2872948977258             
   11.4242929359752        7.98635988272113             
   19.4120307692489        2.02174012607462             
   16.9955463692466        17.7808603541265             
   3.10832768084417        4.61022700101804             
   18.3836160802257        3.80272643555675             
   1.58468516823606        18.7220487996489             
   9.86941064824144        4.28754973591087             
   15.8520327042090        1.92925668351688             
   14.6219122741162        16.4313890184443             
   19.2532241330931        9.52956050733573             
   5.20246497408786        2.16547740073106             
   1.55592373736508        1.49764488817488             
   18.1517502307239        11.3779503040207             
   17.8589344645540        14.9612610416559             
   17.3296053235039        13.1610324387090             
   13.4529112095923        5.43719394004022             
   13.2756276041175        1.57822664471841             
   10.6145715942954        5.41210328492078             
   11.3002087026679        5.17054520517363             
   8.58271307580372        19.4102021872011             
   9.95973701893903        17.5898448270564             
   11.7742928102078        1.63781297956183             
   4.26154547526408        13.5246519010991             
   5.03106916001010        2.93499727790731             
   4.46424325526835        18.9378163118080             
   6.27852523134588        9.42313614160806             
   2.04896361786744        12.7925530055509             
   14.1088767334191        13.0790680196239             
   19.0556767916513        18.3469576170460             
   3.28760456922186        8.43392251238278             
   9.01895106089268        18.7639381489676             
   11.8113773668147        12.5519974617056             
   17.5409412498112        7.14661298622833             
   13.1224307994390        1.00473893026166             
   1.74089106165380        10.3572626001215             
   7.21735168097123        4.50762276661717             
   9.66757893061602        11.1752417381856             
   14.6340661224283        12.9602749223668             
   5.72032144290619        8.06213301284371             
   2.20980161335351        16.6732421469488             
  0.511947392902769        9.03431596422713             
   5.27944960729376        5.48719951392659             
   13.6543471391960        16.9498915805386             
   1.80884688189807        18.1425021420749             
   12.6242062473022        4.75132582411073             
   12.2136843017390       0.952253433498922             
   13.0895632524788        4.16028195302977             
   14.2229053752414        11.2690014825606             
   10.6565354827967        13.6175470238447             
  0.896633899710784       0.479182340039090             
   10.6670104977532        19.7010528003700             
   4.09573406605346        2.28945166546448             
   18.4713524319280        10.7595015817363             
   9.60589800397272        3.60547776229985             
   10.2781138660970        9.16859383894028             
   5.46701591474019        8.54628186738679             
   14.1495286674115        18.8205557826714             
   9.62501677283361        14.0946982308827             
   8.70174055985765        4.45372441038530             
   7.68662935365830        12.4518378788516             
   9.29404608814321        4.58565602837454             
  0.954537892816767        1.97813042523893             
   5.14239847243345        9.99711185402148             
   5.11954064250702        9.00523432716413             
   17.1095163964564        13.8926323149286             
   9.12938437061606        6.11648949590828             
   1.41521249091427        3.05723774399147             
   5.18144727774776        1.05971817884962             
   2.35088757194828        7.66828854668771             
   6.37191185059449        16.4094460660784             
   19.5891129153169        15.8693658434975             
   2.70394000103294        13.9876996431666             
   2.23907101971685        13.6161596408856             
   1.93053448166959       0.667419628865830             
  0.985259839235236        1.36428705928028             
   16.9244914298729        16.0822943231017             
   18.8484391774112        15.5268469074314             
   4.50239459945020        19.7144275267029             
  0.906474528682493        5.25734323465723             
   10.7385998462937        15.7397096442531             
   1.14183866943025        8.81733254175882             
   11.4091834401181        11.2717092274174             
   14.4277889156879        15.3595554491747             
   8.88419678218020        15.4305843234538             
   7.52366342342532        11.3346520881280             
   6.91481910787024        1.98992773761163             
   9.38061207781619        9.51431960332360             
   14.4099740368811        17.6985540171682             
   4.98998797380542        6.32946022935499             
   7.67662243454457        19.6158607894992             
   4.62097878588346        7.25781108929960             
   17.7743897069805        12.3460543725744             
   7.16560867888142        5.64604330853236             
   1.90444394635548        11.7999168892026             
   17.2763377391625        16.5520793392105             
   17.6995545141393        10.1742050763787             
   15.4671905790779        9.54841513511676             
   5.03020820026865       0.457888876061849             
   15.3505167093661       0.288346427082210             
   16.3588438140880        16.2501706123569             
   7.19690413121975        6.28823720851971             
   7.43582595296694        9.22044920714359             
   13.4964654639673        3.08789243986130             
   3.73101558791613        13.5491881096732             
  0.423905748770760        2.59902571243253             
   15.2540541567710        12.9827693135065             
   8.74118374934481        11.0491275281256             
   8.28535002096398        15.8568533882822             
   19.2977866919183        11.6948467611665             
   4.86242429756417        4.35261516369001             
   17.5530154480032        6.53631846851477             
   18.5973386596655        12.1440497123179             
   3.76422697329751        3.44919068832707             
   14.2688138624048        16.9394276690604             
   10.4153858076266        17.2761884362742             
   18.5354323216801        17.0260632503747             
   5.45527456884527        4.96158596724984             
   1.43378371215159        4.99698272110077             
   12.4220550354759        2.22314390932605             
   11.0133914370419        3.91899836685531             
   9.95050925061339        3.11763476897298             
   9.14054544903775        11.4869969017298             
   8.44510082898195        8.99540801146684             
  0.852370587357500        16.7644089349700             
   12.2726174715282        18.5367000168328             
   17.2842052758325        19.6414230785446             
  0.974323369534044        17.9812423898500             
   17.2617916115822        9.13470554356218             
   17.7173319820489        13.7433678580659             
  0.965795468427402        3.73347003445005             
   16.3591811585839       0.977585773820856             
   2.73516150895128        16.5152622657183             
   17.9235067215402        13.2046585576736             
   9.13223909642174        15.9424145480260             
   1.02396456759338        19.7074984782003             
  0.393563377352067        1.13436898014008             
   11.1921681245672        14.2201422751929             
   5.63147149448582        6.01552229964685             
   17.5151150972823       0.282077542037884             
   14.9198598615485        9.28447937224265             
   1.33481524851409        11.9145668015639             
   9.69411300072877        8.97533070974901             
   5.92062945956447        8.92201465230317             
   11.3783694597432        1.16010710186197             
   1.29234102580003        14.9680054308043             
   11.2860548895218        4.43101302062705             
   14.7242212799084        8.49437108890990             
   8.37020144888733        3.73033985608780             
   14.3886735922559        5.71348301073208             
   16.7591411861369        14.3726160264272             
   16.8420612018029        3.28346178767402             
   9.95989940225912        12.0019819801609             
   10.8114524935766        11.3939788616920             
   2.57079980389338       0.905673118744073             
   7.11801523870140        2.56846672296311             
   4.30354650775412        16.6423914173542             
   18.8924492432620        7.51545180890517             
   16.1511150698271        3.59733731274179             
   2.61745342300183        4.27713951569655             
   7.58025438990290        14.2970889656301             
   14.2533754816239        14.3443568581196             
   7.06987788830298        16.5280023538603             
   14.4000337295518        6.45013775042488             
   2.68947879571799        12.1343499867521             
   13.7595579865723       0.284705668348039             
   13.6341291719003        9.67956942892313             
   15.2590643587755        2.24814927323277             
   13.1774295295398        4.74163648096450             
   18.6213626740360        19.4544206964508             
   19.6912212193385       0.388497764491111             
   12.9331177756395        9.28367907006503             
   4.36770688257788        11.6831221136769             
   4.84463877285055        16.9209883265932             
   13.1023742197520        3.44350670609406             
   6.96173620114833        12.3901532586011             
   1.39074712913272        16.3603853466864             
   11.1071070270633        12.0711129910245             
   18.5750107630257        2.35930768876274             
   9.19258042880248       0.447859798142803             
   18.4192402491029       0.279982802725465             
   3.63956867772031       0.279292650795227             
   16.2179069079623        15.0401328833489             
   11.3252909512958        1.93398210518936             
   5.49181974644862        17.4288867786328             
   19.5601780913666        1.37151951529326             
   6.70268600819082        8.91264574143899             
   12.5754419730408        6.72869855775583             
   15.9881053457497        17.3403726125945             
   10.5269567102392        2.27452139273897             
   12.1042052619656        16.2420202254987             
   17.2771441400742        7.85222897058892             
   10.4482802488831        6.96431672515766             
   2.65819688722643        15.5711242655367             
   7.05561368126360        9.86591596485595             
   17.5907906632763        11.7438871235296             
   13.2221285313092        6.19839868673196             
  0.337956007996119        7.23504684247431             
   16.4129041935858        5.05999535661068             
   6.21355724020042        8.36050364024242             
   1.19523423507123        10.2825940379365             
   9.49920643859765        18.0979581484692             
   18.6999126082427        13.0604736111114             
   1.33422470961702        7.59631831778666             
   5.85246909860147        13.1842832304277             
   8.62126465057034        5.05596869020759             
   1.40116662150810        14.2436913002088             
   3.99084409167679        1.06567499187376             
   19.6060035222116        11.2291843447326             
   7.41745936420643       0.288671067045056             
   9.61271589479125        18.8857559807439             
   2.63223787641848        13.1648301843798             
   5.68465547291498        16.9340269602375             
   9.13406824333882        10.0104120408578             
   13.3589331076337        12.9094329376324             
   2.30882745200360        11.3902399444431             
   6.21233805738274        13.6157637619442             
   14.9467215022492        6.39389107918373             
   3.15239065909888        3.22395177530295             
   3.91904277785816        18.5895078440291             
   6.72169220151597        4.14740758148793             
   6.65294856398004        17.7000841846940             
   18.0767753929049        4.39806302579320             
   13.6946495219483        13.6090481253791             
   12.7714001525661        17.6444955170324             
   7.33413216600020       0.917869618451667             
   4.82407041630795        11.2147694970734             
   4.56875613947229        15.5435429965510             
   10.5358032578148        11.9459172029756             
   15.4685671336564        13.6587250585425             
   11.3594495056300        15.5396706719097             
   16.7767911593308        19.0274876024022             
   17.9985636953243        14.3799794347055             
   8.44828137161979       0.915025639705526             
   6.12367567000331        17.2426756836394             
   19.6021384008879        17.7839173505862             
   18.2362454909360        15.8724218664038             
   7.43655715917289        2.08364155559638             
   11.6714136899351        18.7487919581647             
   8.07565413501078        4.47909449371156             
   3.93583571175470        2.81630922646974             
   4.55906163046014        5.74663553532570             
   16.3934696957194        7.07772269015418             
   12.0277821733052        6.98740278793580             
   13.0287459759088        14.9132999212287             
   15.6009039152150        14.2475306049940             
   9.11893524139512        2.86439077884227             
   3.70475560750961        11.1844600718097             
   6.26231244644967        10.3268944557615             
   3.23452985848050        13.3418178412083             
   1.74791280763243        1.99727774956900             
   17.6696200422554        10.9574109979858             
   10.5367303369590        4.25720597574819             
  0.983686746139863        13.4186922414314             
   5.05073313869271        18.1658525122594             
   2.43552903094769        2.36544540239175             
   17.6754196555358        8.71985805207605             
   1.82234880543967        9.06584795907976             
   13.8473089969580        3.82797376308945             
   5.61215842952562        14.4508973461086             
  0.756751656362972        11.8280359287798             
   15.0449173246932        1.71463980831416             
   11.5545012833209       0.382809741171015             
   18.3763852502867        8.08295761001994             
   18.5532259772577        3.19113445021301             
   15.3685293544332        16.8708310031072             
   19.2926562099529        8.39177195013120             
   14.2206389721815        10.1211451978307             
   1.66387654477268        15.6192610792981             
   18.4029131501426        4.95559200802979             
   8.19495291334509        11.1007786412914             
   3.02080291167871        9.72416998954230             
   3.28537236660606        17.3239874404759             
   2.45451452979603        6.90237798443516             
   15.3268935717305        15.9557939218617             
   3.80041053894703        1.57372482964773             
   4.78747483732292        12.0303016718047             
   1.99990698531047        5.08136017804783             
   7.76332599227295        16.9147469920276             
   10.4161719159406        6.19287213612219             
   7.38121403252562        11.8686354017094             
   5.04016316899324        7.69745541609788             
   14.4717097603239        1.29749641913482             
   15.8747595221169        13.0564367981566             
   7.76987757023463        15.3646149188554             
   7.10211420196057        15.8663443737991             
   14.0471245246156        3.19509853742589             
   18.6103234793925        9.43528773437739             
   13.7953926788148        2.51252914217331             
   7.04361329014006        14.0068643276707             
   9.87686265605434        19.5254564226502             
   14.8068952376103        17.0150264356420             
   13.7841465153981        16.3834344601819             
   14.9250922686025       0.690162251461444             
   3.18110761214221        10.9771763702149             
   16.2463603966185        16.8091619643501             
   19.1271394616524       0.727832598630280             
   6.34296695920212        2.41172938483439             
   19.5389067787524        5.46579849012501             
   2.22880843178702        14.7909215422635             
   19.2060716781858        6.03503473584122             
   16.2343488424238        18.9230354313899             
   7.69991799429982        7.62484341434633             
   3.66694896642595        10.1998631533110             
   13.8222297381139        5.02506665440897             
   2.07236005686917        2.85893488796021             
   19.0173762341266        1.45499053556788             
   13.6331447408242        10.7764518261840             
   9.52060640462895        12.3347241773468             
   4.00239311508877        8.34761005918486             
   17.5971590666937        2.29146345545658             
   10.7221754527488        10.7891681495342             
   17.4046270266724        9.72741848975166             
   11.1827267874660        13.5548522270021             
   4.51494309120709        2.72499293421910             
   7.25282619360354        17.5276478815389             
   19.0572909528880        17.5329677477809             
   8.63260972438315        9.62598861472562             
   1.46468404967715        16.8884832699353             
   19.5324426996007        7.02724968991919             
   15.6628825440735        7.90125835968680             
   9.13398271315624        19.4243786691885             
   13.2312137237369        2.25772339401551             
   7.67189049347840        9.74179118230049             
   9.13795153516874        7.61707953213591             
   11.4716162105836        10.4735930589556             
   5.69413938262139        17.9816669128565             
   9.85181400044837        5.88149717855191             
   10.8403645426186        7.90496201398821             
   13.8022405453616        17.5241872741130             
   10.0160418020677        4.92301023392602             
   8.72058540882896        2.45028237714087             
   13.1165080956902        7.62119550752885             
  0.505453251980736        8.33728534657291             
   7.03596388783857        8.48137675810919             
   13.8550026166554        6.56238712260333             
   16.1678629475118        15.7361281724150             
   12.3132857519864        12.0938913235748             
   4.07915479119140        7.78744867999830             
   9.20183283916121        14.8461206267968             
   16.8369706801167       0.478398703042676             
   14.7580627157048        11.1514176446897             
   2.19098681259892        1.39287485374472             
   2.32909900452732        8.72351689456583             
   15.7594551105650        4.02163621141060             
   10.6652273440311        4.82935105941039             
   13.7012544278543        11.6163541623849             
   6.69228449241418        7.89653076383818             
   19.1504378339585        10.0879546495597             
   15.1952993740294        18.0555267404251             
   1.48321889702047        13.2039338394582             
   11.3608706075572        16.0776236240961             
   15.3984067855578        8.80094964848521             
  0.982220898817994        11.0202021029224             
   12.6013351986203        14.0371713339674             
   11.1060439482517        2.42684483331015             
   5.23556706093314        11.7066655649218             
   5.52453593049086        12.4658206120725             
   3.22549132959838        15.0954913098797             
   12.3858718616137        3.85238999767150             
   8.87317550923023        7.02004318719195             
   1.22291365556395        5.99211887088602             
  0.415024932661651        15.6507456289550             
   15.6783266228921        18.3385861557496             
   13.9594642621574        1.65451541890942             
   3.62384617197356        16.8489798609745             
   9.64704326935766        17.0866969891275             
   14.9325120170535        14.1551924057541             
   15.6374796320228        14.9311798835372             
   10.1692440772200        13.2769316348506             
  0.573398811445470        17.5300883924054             
   4.85734006497572        5.10976714323884             
   7.96184128466573        13.1600971265412             
   13.3323341542480        10.2176650785787             
   12.6557001769575       0.652369583714300             
   6.73527000286797        16.9691913020757             
   5.29269281391219        1.64281378646850             
   4.54278105561282        3.32280349021596             
   12.5134384112442        7.94031876756464             
   9.60079845474343        5.25893450072895             
   15.2956989412954        1.12802280431585             
   11.4477548878261        6.89480779584787             
   17.4239448426132        14.5962968594710             
   5.66014539748882        18.9092228201491             
   5.17125170440136        14.0784235447303             
   16.3313849233548        13.8738532478961             
   4.25119138289606        4.26063936508552             
   10.6964057777119        9.69639097340828             
   14.6704377909612        4.35697964579844             
   9.25958661189157        2.08588783862389             
   13.2292615190421        16.5316097605572             
  0.760856579825292        18.6265612462044             
   10.1992100840248        13.9129999948949             
   16.9120195550617        4.81773901941964             
   7.85662546118872        5.43088124315017             
   15.2873309761168        15.3400516068778             
   17.4048500748250       0.961828930950944             
   13.9478429662692        12.5611748209334             
   16.3970111084049        2.26292470481154             
   12.2019332133146        19.2618781733916             
   18.8928802198006        11.2104099515802             
   7.49375577252279        2.98430450583088             
   18.9694462490820        14.7544010447998             
   15.9337554538076        1.29470914953132             
   9.89860255832515        8.32040829213118             
   10.2424277251055        11.1962558555204             
   6.27304505140957        3.82498015385295             
   8.30259428253174        6.68334665712626             
   4.37892493794329        14.5967792726600             
   3.13291633520085        15.9737844703838             
   18.9176007679646        6.97994885376928             
   16.8910532580368        8.37869791062562             
   9.40380214417453        8.11904505384768             
   3.89531645563463        12.8560226309004             
   3.07860495672900        18.5044349957507             
   5.37723418271799        15.0444142198969             
   14.4970433083358        3.70741585151369             
   13.3902340575831        18.1663253936549             
   19.6148462452221        2.65176756126376             
   16.7705638742491        15.2812067599662             
  0.285494729905321       0.527982333016485             
   3.43823807109961        18.9498339317026             
   10.3535937418522        18.5901160090606             
   16.2403652992195        8.08410752148527             
   6.58361833690965        7.33714519657218             
   6.58343815407047        10.9852568438354             
   10.0739992074283        15.6474101640695             
   12.3112115277352        5.68037879090643             
   14.5283380054183        2.01592510915968             
   18.0017648193704        19.2686559870304             
   4.25025583330124        6.23921375023961             
   17.2125596785834        12.3648464870649             
   11.6761037929254        5.76193769173791             
   19.4278160683578        15.1947157922824             
   13.7415314433817        14.5131586255864             
   10.5329769843482        16.5678612490744             
   5.02076573222534        3.83542936070216             
  0.342525272694474        4.94757352375177             
   14.5865531961120        18.3143530063565             
   12.2299321713029        13.3120734916570             
   11.0220572965599        8.69181917760612             
   8.32988362155142        14.9282806898137             
   16.2265065335988        5.70214257180926             
   8.32511559612396        10.0695046671528             
   7.34812523639141        1.55000974790465             
   4.07786741873185        10.7211627234153             
   11.8668179749799        14.8455929060780             
  0.312627101496137        10.2636023323816        
   4.57839703372981        14.0206262188721             
   6.96565154737373        18.1965945756107             
   10.1987855571740        10.6387649970917             
   11.6707570782157        9.10716365536333             
   1.87247557762751        7.32335968461617             
   7.91526979309514       0.592511697798346             
   11.6533640785068        3.94455464798056             
   15.6144337603814        6.70499732622373             
   16.8621386482231        3.90479782190720             
   18.8415763860665        5.27732450924991             
   3.15546947337102        10.3784636219917             
   12.7789668393169        13.4262491119653             
   12.2461417704371        15.2627821192118             
   3.44702277710411        5.32758866752892             
   12.7052498103994        15.8295187183167             
   9.70174461732555        6.50658123058615             
   13.3692773528396        8.18915454358885             
   16.7419925364765        7.86651328036908             
   14.2841941102608        9.59143379911408             
   12.0692902423906        10.9475803803151             
   16.5403999952572        19.5189747834164             
  0.339559309364084        5.55133491495309             
   19.4321235983968        3.55930644883670             
